$ANSIBLE_VAULT;1.1;AES256
64323835616531393431386532353062656261316366323736326239343831376330376161363266
6562303230306566306561396162393635343536326639370a323533303038363564643363666437
35623832653837303165616662646663613265383163656666306562373832393137633936393165
3261356233666163360a386431323166303333616336653361376432303839636665613836643161
33633539363533313564613266373162366535396233623630356335356636313035383830386336
61383735336363383234376534663463643435323461663365363461316132383962666637306135
34653632356233323837366130353735353336306339343235323235663136616163643534363237
66343934623966613264656531363065386161353165303363656466653839616535613266346435
63373736306231356530643638646236616164623235613165393662616163333136383833633530
39393938313339316362343931316232333562323864386336346364346263643833613162653231
62363238666233306234333465336536656666646537373838333036343961326662646535333666
38613865663032373530386639656530383131343636623838396462366634336332623731346466
3638
